"ID","District","AC","Block","SL.No.","GP Name","Total Detail Entered (With & Without Toilet) BLS-2012","BPL (2012)","Identified(APL, 2012)","UnIdentified (APL, 2012)","Total (UnIdentified  Identified, APL, 2012)","Total (BPL�Ã�²�ï�¿�½)","Total HH Identified","No.of HH entered by name [2013-14]","No. of Households covered 2014-2015 (including unapproved)","Total No. of Households Covered after Survey 2012","No.of HH reported by name [2015-16]"
1,"Saharsa","Mahishi","Mahishi",1,"AARA PATTI ",2233,1523,15,196,211,1734,1538,0,0,0,0
2,"Saharsa","Mahishi","Mahishi",2,"AINA ",1712,913,507,0,507,1420,1420,0,0,0,0
3,"Saharsa","Mahishi","Mahishi",3,"BAGHWA ",2293,1315,10,485,495,1810,1325,0,2,2,0
4,"Saharsa","Mahishi","Mahishi",4,"BHELAHI ",2257,766,1,620,621,1387,767,0,0,0,0
5,"Saharsa","Mahishi","Mahishi",5,"GHONGHEPUR ",2299,1814,2,2,4,1818,1816,0,15,15,0
6,"Saharsa","Mahishi","Mahishi",6,"JHARA ",2030,1521,206,0,206,1727,1727,0,0,0,0
7,"Saharsa","Mahishi","Mahishi",7,"KUNDAH ",1737,1307,225,74,299,1606,1532,0,0,0,0
8,"Saharsa","Mahishi","Mahishi",8,"MAHISARHO ",2763,2229,17,137,154,2383,2246,0,3,3,7
9,"Saharsa","Mahishi","Mahishi",9,"MAHISHI SOUTH ",1983,1137,20,0,20,1157,1157,0,0,0,0
10,"Saharsa","Mahishi","Mahishi",10,"MAHISHI NORTH ",2875,715,446,0,446,1161,1161,0,45,45,0
11,"Saharsa","Mahishi","Mahishi",11,"MANOVAR ",2511,1530,778,0,778,2308,2308,0,6,6,0
12,"Saharsa","Mahishi","Mahishi",12,"NAHARWAR ",2159,1589,304,0,304,1893,1893,0,0,0,0
13,"Saharsa","Mahishi","Mahishi",13,"PASTWAR ",2464,1394,532,73,605,1999,1926,0,1,1,0
14,"Saharsa","Mahishi","Mahishi",14,"RAJANPUR ",2230,1518,345,0,345,1863,1863,0,19,19,0
15,"Saharsa","Mahishi","Mahishi",15,"SIRWAR BIRWAR ",2268,1263,262,371,633,1896,1525,0,0,0,0
16,"Saharsa","Mahishi","Mahishi",16,"TELHAR ",2255,1082,335,224,559,1641,1417,0,11,11,0
17,"Saharsa","Mahishi","Mahishi",17,"TELWA EAST ",2242,1357,575,0,575,1932,1932,0,0,0,0
18,"Saharsa","Mahishi","Mahishi",18,"TELWA WEST ",2251,15,1866,0,1866,1881,1881,0,5,5,0
19,"Saharsa","Mahishi","Mahishi",19,"VIRGAON ",2158,1258,194,0,194,1452,1452,0,22,22,0
20,"Saharsa","Mahishi","Nauhatt",1,"BAKUNIA ",2328,1485,487,0,487,1972,1972,0,0,0,0
21,"Saharsa","Mahishi","Nauhatt",2,"CHANDRAIN ",2348,1025,402,1,403,1428,1427,0,41,41,0
22,"Saharsa","Mahishi","Nauhatt",3,"DARHAR ",2250,2094,0,0,0,2094,2094,0,0,0,0
23,"Saharsa","Mahishi","Nauhatt",4,"HATI ",2583,1677,504,0,504,2181,2181,0,12,12,0
24,"Saharsa","Mahishi","Nauhatt",5,"KASHIMPUR ",2618,1516,599,3,602,2118,2115,0,0,0,0
25,"Saharsa","Mahishi","Nauhatt",6,"KEDLI ",2570,1646,577,0,577,2223,2223,0,0,0,0
26,"Saharsa","Mahishi","Nauhatt",7,"KHARKA TELWA ",2717,1295,249,714,963,2258,1544,0,8,8,0
27,"Saharsa","Mahishi","Nauhatt",8,"MOHANPUR ",2570,2046,469,55,524,2570,2515,0,0,0,0
28,"Saharsa","Mahishi","Nauhatt",9,"MURADPUR ",2605,1333,660,45,705,2038,1993,0,16,16,7
29,"Saharsa","Mahishi","Nauhatt",10,"NAUHATTA EAST ",3672,2026,914,0,914,2940,2940,0,7,7,0
30,"Saharsa","Mahishi","Nauhatt",11,"NAUHATTA WEST ",3614,1824,1038,0,1038,2862,2862,0,38,38,9
31,"Saharsa","Mahishi","Nauhatt",12,"NAULA ",2363,2054,135,85,220,2274,2189,0,0,0,0
32,"Saharsa","Mahishi","Nauhatt",13,"SATTOUR ",2294,1637,635,0,635,2272,2272,0,27,27,0
33,"Saharsa","Mahishi","Nauhatt",14,"SHAHPUR ",2110,974,86,569,655,1629,1060,0,2,2,0
34,"Saharsa","Mahishi","Sattar Kataiya",1,"BARA ",2175,1417,127,1,128,1545,1544,0,164,164,1
35,"Saharsa","Mahishi","Sattar Kataiya",2,"BARAHSHER ",2910,1736,751,136,887,2623,2487,0,61,61,0
36,"Saharsa","Mahishi","Sattar Kataiya",3,"BHELWA ",2884,642,0,1349,1349,1991,642,0,0,0,0
37,"Saharsa","Mahishi","Sattar Kataiya",4,"BIHRA ",3339,1085,206,771,977,2062,1291,0,20,20,1
38,"Saharsa","Mahishi","Sattar Kataiya",5,"BIJALPUR ",2914,1183,1069,261,1330,2513,2252,0,10,10,77
39,"Saharsa","Mahishi","Sattar Kataiya",6,"BISHANPUR ",2666,1353,365,33,398,1751,1718,0,0,0,0
40,"Saharsa","Mahishi","Sattar Kataiya",7,"OKAHI ",1866,1109,32,285,317,1426,1141,0,0,0,3
41,"Saharsa","Mahishi","Sattar Kataiya",8,"PANCHGACHHIYA ",2487,1246,69,783,852,2098,1315,0,0,0,0
42,"Saharsa","Mahishi","Sattar Kataiya",9,"PATORI ",2801,1546,367,2,369,1915,1913,0,41,41,5
43,"Saharsa","Mahishi","Sattar Kataiya",10,"PURIKH ",2270,929,715,13,728,1657,1644,0,0,0,0
44,"Saharsa","Mahishi","Sattar Kataiya",11,"RAKIYA ",2802,1878,856,13,869,2747,2734,0,0,0,41
45,"Saharsa","Mahishi","Sattar Kataiya",12,"SATTAR ",2281,1426,84,549,633,2059,1510,0,12,12,1
46,"Saharsa","Mahishi","Sattar Kataiya",13,"SHAHPUR ",2797,1521,104,109,213,1734,1625,0,0,0,78
47,"Saharsa","Mahishi","Sattar Kataiya",14,"SIHOUL ",2835,1550,151,213,364,1914,1701,0,58,58,21
